9.997445344924926758e-01
3.670362830162048340e-01
8.729910041438415647e-05
9.905918836593627930e-01
1.437664031982421875e-04
9.978907108306884766e-01
3.408491611480712891e-03
9.370341897010803223e-02
9.999480247497558594e-01
9.688593149185180664e-01
3.327976465225219727e-01
3.636738061904907227e-01
2.809762954711914062e-04
4.100024700164794922e-03
9.209112524986267090e-01
9.861280918121337891e-01
1.911818981170654297e-03
3.003501802822938771e-08
9.994608163833618164e-01
1.000000000000000000e+00
2.395510673522949219e-03
3.170454502105712891e-02
9.783722162246704102e-01
9.527466297149658203e-01
9.668270349502563477e-01
3.856054263451369479e-06
9.989777803421020508e-01
6.082591062295250595e-05
7.318942546844482422e-01
9.999971389770507812e-01
9.893227219581604004e-01
5.833718180656433105e-02
9.999966025352478027e-01
3.012716770172119141e-04
9.399777650833129883e-01
5.026459693908691406e-04
9.611695408821105957e-01
7.567452848888933659e-05
9.959790706634521484e-01
5.926840458414517343e-06
9.648733139038085938e-01
2.586377149782492779e-06
7.576214075088500977e-01
1.249551773071289062e-03
1.341402530670166016e-03
9.999610185623168945e-01
9.998335242271423340e-01
3.006881177425384521e-01
2.663999794094706886e-06
7.753500938415527344e-01
1.000000000000000000e+00
9.823492765426635742e-01
8.810758590698242188e-04
6.534421443939208984e-02
9.805186986923217773e-01
5.451190471649169922e-02
2.809762954711914062e-04
6.904145720909582451e-06
9.998357295989990234e-01
5.268722772598266602e-01
6.681641462336074255e-09
5.503661668626591563e-06
8.047223091125488281e-04
1.025921083055436611e-04
9.738066792488098145e-02
9.991545081138610840e-01
8.497313261032104492e-01
2.119191072624815320e-10
9.999984502792358398e-01
5.921272895648144186e-05
9.239536913341339641e-11
9.919669628143310547e-01
3.391802310943603516e-04
5.019219315727241337e-06
8.021295070648193359e-04
1.643939384621262434e-07
5.529140830039978027e-01
3.080391252296976745e-05
2.471934408276865724e-07
4.005354625746804231e-08
1.222810447216033936e-01
9.999110102653503418e-01
7.003247737884521484e-04
7.527126669883728027e-01
1.964049079106189311e-05
4.492014646530151367e-02
3.837406635284423828e-03
4.290145635604858398e-02
3.951928019523620605e-02
5.779266357421875000e-04
3.741681575775146484e-04
1.151321612269384786e-05
1.000000000000000000e+00
9.996470808982849121e-01
1.183912158012390137e-02
5.004378557205200195e-01
2.146691083908081055e-03
2.795785803755279630e-06
9.999963045120239258e-01
1.450384938059256639e-17
5.635167679707286936e-11
4.537552595138549805e-03
1.562830805778503418e-02
5.363984107971191406e-01
9.995373487472534180e-01
8.507823944091796875e-02
9.921783208847045898e-01
7.838755846023559570e-01
2.323895692825317383e-03
9.944220781326293945e-01
8.288792371749877930e-01
9.994289875030517578e-01
9.972527027130126953e-01
6.243339180946350098e-02
7.869461178779602051e-02
6.302176713943481445e-01
9.982759356498718262e-01
9.999527931213378906e-01
3.040039928237092681e-06
7.421271675411844626e-06
9.998904466629028320e-01
9.936058521270751953e-01
9.888303279876708984e-01
9.983385801315307617e-01
9.519411921501159668e-01
9.999685287475585938e-01
2.260208129882812500e-03
9.734090566635131836e-01
5.982220172882080078e-04
9.842042922973632812e-01
9.779262542724609375e-01
8.194148540496826172e-03
9.991168975830078125e-01
4.286449396383867905e-13
9.997483491897583008e-01
1.762512326240539551e-02
9.988695383071899414e-01
9.849110841751098633e-01
9.999992251396179199e-01
1.557171344757080078e-04
9.502614140510559082e-01
9.999898672103881836e-01
2.586377149782492779e-06
6.279361248016357422e-01
1.000000000000000000e+00
9.927363395690917969e-01
9.954245686531066895e-01
9.981043338775634766e-01
1.370599865913391113e-02
2.051413059234619141e-03
9.999937415122985840e-01
6.449818611145019531e-04
4.466444253921508789e-03
4.117320775985717773e-01
7.442762851715087891e-01
1.000000000000000000e+00
1.424719631160087374e-08
1.156573125626891851e-05
9.999998211860656738e-01
9.972233772277832031e-01
1.526574981876305248e-12
1.580808088874618988e-06
1.228514845408312794e-09
1.000000000000000000e+00
4.255405656294897199e-05
1.194125413894653320e-02
8.910050392150878906e-01
9.301943778991699219e-01
2.324396057573618890e-11
9.944549798965454102e-01
9.823223352432250977e-01
2.897686958312988281e-01
5.584862083196640015e-05
7.112786921947833463e-13
2.578738531155977398e-05
3.536343574523925781e-04
8.482187986373901367e-03
1.694440841674804688e-02
4.286449396383867905e-13
2.300250798725755885e-06
1.441259472878542169e-10
9.999600648880004883e-01
8.867803812026977539e-01
9.907447099685668945e-01
9.987272024154663086e-01
9.999968409538269043e-01
9.913088083267211914e-01
1.371204853057861328e-04
8.366324901580810547e-01
1.844015717506408691e-02
9.999839067459106445e-01
9.999701976776123047e-01
9.119724631309509277e-01
9.263840913772583008e-01
1.207935440561413998e-07
1.603038545919851631e-15
2.199918031692504883e-03
1.534800503577571362e-05
2.380520105361938477e-03
9.638845920562744141e-01
9.900199174880981445e-01
1.518167536129766404e-10
9.996331930160522461e-01
1.000000000000000000e+00
7.979676127433776855e-02
3.397622808098965663e-11
7.057103175611700863e-06
4.424399137496948242e-01
9.965552091598510742e-01
1.000000000000000000e+00
3.675252199172973633e-02
1.370885274809552357e-05
3.164153695106506348e-01
4.286449396383867905e-13
2.586377149782492779e-06
9.733030796051025391e-01
1.266166918867384084e-06
3.392696380615234375e-03
9.676269292831420898e-01
3.620725572109222412e-01
2.120697498321533203e-02
9.988621473312377930e-01
9.969046115875244141e-01
7.620744705200195312e-01
9.821850657463073730e-01
9.999086856842041016e-01
5.568784399656578898e-05
3.707766532897949219e-03
3.053545951843261719e-04
9.973745346069335938e-01
2.324908971786499023e-02
5.254939969745464623e-05
1.500293612480163574e-02
9.863361120223999023e-01
9.999988079071044922e-01
9.793851631911820732e-07
8.835643529891967773e-03
9.913575053215026855e-01
6.869825301691889763e-05
9.999966025352478027e-01
5.809137225151062012e-02
9.999912381172180176e-01
9.994776248931884766e-01
1.716867089271545410e-02
1.462826193510124995e-09
1.000000000000000000e+00
9.874854087829589844e-01
1.267790794372558594e-04
5.860820412635803223e-02
1.092492457246407866e-04
9.998116493225097656e-01
9.987989664077758789e-01
1.936676204204559326e-01
3.578721000097040417e-11
2.941280603408813477e-03
1.822087248250003682e-16
9.493488073348999023e-01
6.817561388015747070e-02
6.451579928398132324e-02
8.912583589553833008e-01
9.997584819793701172e-01
3.823041915893554688e-04
9.121577739715576172e-01
8.762776851654052734e-04
9.990380406379699707e-01
9.993923902511596680e-01
1.729683618556521196e-09
1.710411906242370605e-02
1.806139945983886719e-03
4.079997539520263672e-03
5.171340703964233398e-02
9.987717270851135254e-01
9.450414180755615234e-01
9.785530567169189453e-01
3.554776310920715332e-02
9.998791813850402832e-01
2.573132514953613281e-04
9.773296117782592773e-01
3.129356684894446516e-07
2.072310447692871094e-02
2.316129207611083984e-02
9.995079040527343750e-01
1.194357872009277344e-03
8.559486269950866699e-01
1.639568209648132324e-01
6.273236097253942489e-11
4.808008670806884766e-04
6.049258708953857422e-01
5.902498960494995117e-02
1.000000000000000000e+00
9.999344348907470703e-01
1.706123352050781250e-03
9.999977350234985352e-01
6.898730993270874023e-03
8.759090304374694824e-02
1.462697982788085938e-04
1.287709143722520159e-15
9.937763214111328125e-01
7.518870830535888672e-01
9.908797144889831543e-01
2.763964062795144132e-16
9.999954700469970703e-01
9.828180074691772461e-03
7.740842103958129883e-01
8.727014064788818359e-04
9.960570335388183594e-01
1.049350521498126909e-05
9.988342523574829102e-01
9.999946355819702148e-01
9.642393589019775391e-01
9.972854852676391602e-01
2.961915731430053711e-01
1.680991408647969365e-05
4.286449396383867905e-13
3.933340311050415039e-03
4.286449396383867905e-13
9.999679327011108398e-01
3.334532082080841064e-01
9.982512593269348145e-01
1.563131809234619141e-04
9.998251795768737793e-01
8.703708648681640625e-03
4.553198814392089844e-04
7.795333862304687500e-03
5.668371915817260742e-03
9.516648054122924805e-01
9.996450543403625488e-01
5.683124065399169922e-03
9.979964494705200195e-01
5.833715200424194336e-02
4.154741764068603516e-03
9.989875555038452148e-01
8.862316608428955078e-04
2.502769231796264648e-03
1.230681538581848145e-01
9.995493888854980469e-01
2.094552482845291053e-11
4.305028653561748797e-07
1.983106136322021484e-03
9.999755620956420898e-01
3.417909145355224609e-03
5.327224731445312500e-03
2.154982089996337891e-02
1.495051383972167969e-02
2.747813414316624403e-05
1.761227846145629883e-03
2.748612448755238802e-09
3.701009063661331311e-07
8.058181265369057655e-06
4.393453778561706713e-08
5.276060619507916272e-05
2.106095280396402813e-06
3.463327884674072266e-04
9.831398725509643555e-01
2.180507152615973609e-07
5.308985710144042969e-04
2.619028091430664062e-04
8.301085233688354492e-02
2.500230689150839680e-09
9.999996423721313477e-01
9.666848200140520930e-06
9.983516931533813477e-01
1.601373200710298761e-11
8.525932457814633381e-07
3.804266452789306641e-04
6.233849489944986999e-06
6.214750101207755506e-07
7.338264584541320801e-02
1.475512981414794922e-04
9.999987483024597168e-01
1.205599255627021194e-05
9.993425607681274414e-01
9.964624047279357910e-01
9.999957084655761719e-01
2.586377149782492779e-06
5.513404062185145449e-07
2.551746368408203125e-02
9.962843656539916992e-01
1.042907097144052386e-04
2.415478229522705078e-03
8.128735423088073730e-02
9.527441263198852539e-01
9.899580478668212891e-01
3.316617221571505070e-05
6.996182522200911080e-10
9.998222589492797852e-01
6.213268637657165527e-02
1.250207424163818359e-04
9.744492854224517941e-05
1.288703083992004395e-02
4.286449396383867905e-13
9.993732571601867676e-01
9.818425774574279785e-01
9.904518083203583956e-05
1.134229532908648252e-04
5.705586671829223633e-01
7.440149784088134766e-04
4.792088270187377930e-02
5.821758508682250977e-02
3.030300140380859375e-04
9.700357913970947266e-04
3.193616867065429688e-04
3.122580194414581456e-09
9.999970197677612305e-01
9.998582601547241211e-01
9.959585666656494141e-01
1.307368278503417969e-03
2.269048536618356593e-06
3.390154268423373196e-10
3.082424882450141013e-05
1.110919220081996173e-05
9.916542768478393555e-01
9.999853372573852539e-01
4.582405090332031250e-04
2.044385610133758746e-06
1.927733421325683594e-03
9.994206428527832031e-01
3.444306850433349609e-01
2.682280540466308594e-02
7.834434509277343750e-02
8.045054187277855817e-07
9.999983906745910645e-01
9.999221563339233398e-01
3.570801019668579102e-02
1.584589481353759766e-04
9.924917817115783691e-01
9.392738342285156250e-03
7.521985594394209329e-07
1.003125309944152832e-02
5.833715200424194336e-02
9.999200105667114258e-01
2.016225457191467285e-02
2.988404546044876042e-08
4.286449396383867905e-13
4.286449396383867905e-13
9.993118047714233398e-01
2.616763114929199219e-03
1.500184332314802305e-08
9.951644539833068848e-01
1.000000000000000000e+00
9.989864826202392578e-01
3.823339939117431641e-03
6.783360242843627930e-02
1.569986343383789062e-04
2.182527184486389160e-01
9.998281002044677734e-01
9.999982714653015137e-01
9.999893903732299805e-01
9.500766992568969727e-01
9.999982118606567383e-01
2.124905586242675781e-04
7.391256356958919582e-11
9.990213513374328613e-01
8.414896130561828613e-01
9.999982118606567383e-01
1.226969470735639334e-05
9.999992847442626953e-01
9.987508058547973633e-01
1.199484977405518293e-04
5.801334977149963379e-02
9.944230318069458008e-01
4.416394829750061035e-01
4.286449396383867905e-13
1.881540478976262420e-09
9.970153570175170898e-01
4.959151148796081543e-02
3.984677791595458984e-02
3.185093402862548828e-03
9.998474717140197754e-01
1.198631944134831429e-04
9.818775653839111328e-01
6.480035175115972379e-09
3.134638071060180664e-03
4.738450050354003906e-03
1.030522286891937256e-01
3.510695695877075195e-02
1.243585348129272461e-02
9.999951124191284180e-01
9.923872351646423340e-01
7.437765598297119141e-04
5.322357537806965411e-05
9.905275106430053711e-01
6.323069334030151367e-02
1.566588878631591797e-03
9.059278964996337891e-01
9.999733567237854004e-01
9.990596771240234375e-01
1.005071401596069336e-02
6.035774946212768555e-03
3.808617889881134033e-01
1.000000000000000000e+00
5.827546119689941406e-04
9.996606111526489258e-01
1.225216110469773412e-04
9.999126195907592773e-01
9.999996423721313477e-01
1.000000000000000000e+00
8.882794380187988281e-01
9.959488511085510254e-01
9.999396800994873047e-01
9.999887943267822266e-01
9.999979734420776367e-01
9.999517202377319336e-01
9.959585666656494141e-01
9.976979494094848633e-01
6.101608276367187500e-03
9.995014667510986328e-01
9.999749660491943359e-01
6.323069334030151367e-02
1.470446586608886719e-04
1.574456691741943359e-03
9.998509883880615234e-01
2.586377149782492779e-06
3.074452280998229980e-01
2.227425575256347656e-04
9.809267520904541016e-01
9.999974966049194336e-01
9.687793254852294922e-01
5.820858478546142578e-02
9.999492168426513672e-01
1.567677600178285502e-06
5.872577428817749023e-03
7.947748427039824801e-20
2.777429108391515911e-05
9.861736297607421875e-01
3.323595398896372899e-09
8.614957332611083984e-04
6.534899086947573639e-27
4.528437629221226945e-13
1.000000000000000000e+00
9.994683265686035156e-01
8.610180020332336426e-01
9.633223414421081543e-01
1.396903395652770996e-02
2.886586189270019531e-01
2.037804424762725830e-01
3.745810204236477148e-07
6.454226374626159668e-02
1.805365085601806641e-03
9.995921850204467773e-01
3.537654876708984375e-03
8.585685491561889648e-02
8.001327514648437500e-04
3.318488597869873047e-04
9.990061521530151367e-01
4.417399759404361248e-05
9.869099855422973633e-01
1.268869638442993164e-02
2.924799919128417969e-04
9.791954159736633301e-01
7.509092392865568399e-05
5.214151954646695231e-08
1.409156993759097531e-06
5.350947380065917969e-03
9.999486207962036133e-01
9.999967217445373535e-01
2.431273460388183594e-04
6.534899086947573639e-27
6.323069334030151367e-02
1.394659398818581808e-13
4.556719068204984069e-05
7.195422053337097168e-02
9.999963641166687012e-01
9.332275390625000000e-02
4.286449396383867905e-13
9.306950569152832031e-01
4.286449396383867905e-13
1.171457767486572266e-02
5.132257938385009766e-04
1.838590080183166720e-08
2.497732639312744141e-04
7.168605923652648926e-02
9.912478923797607422e-01
8.756518363952636719e-04
5.905890464782714844e-01
9.999610185623168945e-01
5.696684122085571289e-03
9.483187198638916016e-01
4.421173798618838191e-06
8.147001266479492188e-02
1.037591695785522461e-02
9.962072372436523438e-01
4.608929157257080078e-03
1.474588215351104736e-01
2.622458338737487793e-02
9.884023666381835938e-01
4.286449396383867905e-13
2.809762954711914062e-04
1.304084617004264146e-05
3.824383020401000977e-03
9.980525374412536621e-01
1.709371805191040039e-03
2.101778984069824219e-02
9.955841898918151855e-01
9.185978174209594727e-01
6.534899086947573639e-27
1.876288652420043945e-02
9.999713897705078125e-01
4.246234893798828125e-04
9.973236322402954102e-01
2.688196301460266113e-02
7.122036549844779074e-06
9.868693351745605469e-01
7.014465332031250000e-02
9.953727126121520996e-01
1.447170972824096680e-03
1.941074132919311523e-01
5.877465009689331055e-03
9.999546408653259277e-01
1.838538423726276960e-07
9.106097221374511719e-01
1.000500196823850274e-05
9.417027235031127930e-03
9.477492858422920108e-05
3.547740876674652100e-01
9.969912171363830566e-01
9.986818432807922363e-01
8.734035873203538358e-06
3.690851330757141113e-01
7.974207401275634766e-04
9.999988079071044922e-01
4.518619179725646973e-02
2.586377149782492779e-06
9.856820106506347656e-04
3.153526222376967780e-06
9.803164601325988770e-01
9.227658510208129883e-01
4.464596509933471680e-03
8.625903129577636719e-01
9.123265743255615234e-03
3.295332193374633789e-03
4.286449396383867905e-13
4.697448015213012695e-02
8.013368844985961914e-01
1.000000000000000000e+00
9.070733785629272461e-01
2.504885196685791016e-04
9.999735355377197266e-01
1.251274049282073975e-01
5.344748497009277344e-04
6.488279104232788086e-01
5.083154610474593937e-05
7.884800434112548828e-04
1.446989608666626737e-05
4.824701845645904541e-01
1.617491245269775391e-03
2.586377149782492779e-06
9.986668825149536133e-01
3.407167881164241408e-08
3.459364175796508789e-03
6.858438253402709961e-03
2.538323402404785156e-03
1.178168496096532181e-08
5.846983194351196289e-02
9.999977350234985352e-01
9.990999102592468262e-01
4.869809746742248535e-02
1.550379395484924316e-02
1.025804877281188965e-02
1.810111999511718750e-01
8.779091238975524902e-01
2.999994974661746028e-10
9.882892370223999023e-01
9.999969005584716797e-01
1.911720781677672676e-09
1.262751221656799316e-02
9.993839263916015625e-01
9.236724376678466797e-01
9.262640560336876661e-06
9.970713853836059570e-01
2.099681978506851010e-06
9.962072372436523438e-01
9.853044152259826660e-01
9.999610185623168945e-01
1.000000000000000000e+00
4.402697086334228516e-04
1.059449714375659823e-04
3.232359886169433594e-03
4.042923450469970703e-03
5.579292774200439453e-04
8.510293960571289062e-01
9.061081073014065623e-05
9.923638701438903809e-01
2.390533685684204102e-03
3.504185315250651911e-07
4.926621913909912109e-03
4.286449396383867905e-13
9.695813655853271484e-01
7.183849811553955078e-04
7.474249601364135742e-02
1.999061532842461020e-05
